image,ALB,BET,DOL,LAG,NoF,OTHER,SHARK,YFT
img_00005.jpg,0.16933903719190446,0.060986709440548598,0.081984246410983438,0.037145471173884684,0.15738926158777788,0.1852057293089226,0.10973080924254909,0.19821873564342921
img_00007.jpg,0.20848712622297413,0.19410249164955903,0.030501984529166564,0.055712636036471433,0.091139084476111382,0.21034328072367034,0.056582250567609946,0.15313114579443735
img_00009.jpg,0.23100378460015697,0.090196373054844528,0.031147992614652467,0.037443234391886973,0.22917585733464846,0.15887584948657371,0.092604787445526068,0.12955212107171085
img_00018.jpg,0.20677052042934935,0.12466483213680178,0.066341657317010846,0.02056921399687037,0.17371795749490546,0.12922309313864544,0.10000718376876679,0.17870554171764996
img_00027.jpg,0.13518848846786818,0.092159407040752331,0.13164535623787746,0.016556457452793858,0.14797461130438669,0.15163892906894319,0.12360695388090412,0.20122979654647433
img_00030.jpg,0.17628253137647376,0.1495261171179772,0.036531984293400009,0.010264666277322211,0.22814642744431524,0.13835372021185374,0.045559361033057605,0.21533519224560022
img_00040.jpg,0.15690921493944948,0.055117312009516466,0.16342728580471699,0.044576889910496756,0.14366096994834859,0.17419700928222634,0.11689508857138579,0.14521622953385957
img_00046.jpg,0.21975075813380832,0.085532313405107321,0.087851017572883439,0.04136244359946787,0.17480660285918118,0.19598291174447202,0.062967928088540737,0.13174602459653892
img_00053.jpg,0.18324911019802315,0.1336418405945643,0.091247534649888232,0.049920913029894272,0.11287708411862592,0.20999075648713103,0.078853633075766802,0.14021912784610627
img_00071.jpg,0.21479104344531064,0.21377236224247997,0.033831209980773783,0.078228424433392188,0.088561822067234813,0.17707910327178597,0.06544117463639923,0.12829485992262366
img_00075.jpg,0.22399307767062021,0.14183314290102048,0.016085534009893605,0.075176400813139574,0.10898127246822482,0.23225219883736864,0.064790775726722538,0.13688759757300969
img_00102.jpg,0.19603199219480469,0.067496846527763554,0.18229939566810349,0.0093592401799045648,0.1285052627997238,0.18358884633107891,0.079873304349440052,0.15284511194918116
img_00103.jpg,0.19362058836272922,0.21875430937841911,0.03130440982382978,0.050499150432354062,0.10988084695314827,0.16943950191270529,0.11772391341986428,0.10877727971695027
img_00109.jpg,0.1215930840319993,0.04482020616917054,0.13283504961107018,0.010536165048635119,0.22195781451696667,0.13287361024544223,0.11527403243713125,0.22011003793958486
img_00119.jpg,0.13968305027998656,0.1773304734639832,0.049697309789969758,0.019216000747662713,0.32032724956095626,0.081904314535722458,0.045397320045577484,0.16644428157614166
img_00120.jpg,0.13625821503894481,0.12910700380025386,0.11033050301231852,0.010133568320797096,0.18216228222831182,0.17903453219327981,0.11203871735320288,0.14093517805289094
img_00125.jpg,0.21782856685064123,0.21595831167642118,0.039493842993996151,0.043310490212138543,0.067290466471126034,0.24091168112080349,0.072448247308751851,0.10275839336612147
img_00128.jpg,0.18875344309927314,0.19921256842532162,0.023382851978032016,0.01572340753333375,0.19275551060658072,0.20500077011888923,0.058789363319690299,0.11638208491887903
img_00129.jpg,0.18995258854045416,0.073338539861476981,0.074314405531285668,0.12323318386414761,0.081828614291115168,0.2152694859616319,0.068267158749352269,0.17379602320053636
img_00133.jpg,0.19619344907090511,0.090750188046101007,0.044039418727704872,0.14011041483582157,0.076617844561658266,0.23746951112308726,0.055836348222450025,0.15898282541227188
img_00138.jpg,0.18727821772864386,0.086502972989249111,0.15162116008736948,0.02164321899443029,0.18480026805007641,0.13781692751744415,0.08321607091341518,0.14712116371937153
img_00141.jpg,0.21389458422118665,0.2179717124046737,0.038850100353967291,0.019528104511751295,0.11377097294323564,0.18238401254995792,0.071594077427303296,0.14200643558792411
img_00152.jpg,0.16356401081692842,0.063425346084191578,0.10585473948185113,0.0059068843103860062,0.18787431224398138,0.14128689894570226,0.13106232044289889,0.20102548767405976
img_00161.jpg,0.14450329162837891,0.047702719424720146,0.053216961062345053,0.010516794288135572,0.21495162711781862,0.15794682908689714,0.15687544046155866,0.21428633693014587
img_00164.jpg,0.17263124849294148,0.033854538601347552,0.082654371770177357,0.020890002716189311,0.15520108027029891,0.20164091414741364,0.12392811669070093,0.20919972731093073
img_00170.jpg,0.17529284109364923,0.085597801208088783,0.049143249715048562,0.050360193696457098,0.16954200742472711,0.13597038217576954,0.11740471507578588,0.21668880961047413
img_00171.jpg,0.15823868286007967,0.10235847326877713,0.055943059995058726,0.005989882524130203,0.25683117753801871,0.12611492853800824,0.093830761154714171,0.20069303412121298
img_00172.jpg,0.15609616596827861,0.025490497985072219,0.11136002408683193,0.013943619984804402,0.22863709118775977,0.064051743590377949,0.15007310088543363,0.25034775631144124
img_00175.jpg,0.15377788400607276,0.054278233730566693,0.14274356523317677,0.07118894488729452,0.062902789552958402,0.24714115692971686,0.11828466417622283,0.14968276148399154
img_00180.jpg,0.13261820516486514,0.08092557151822731,0.05968481873494029,0.0040712562806456817,0.27580767431870612,0.10635788925230812,0.093316749195168372,0.24721783553513896
img_00196.jpg,0.10540987189941049,0.062341731093824147,0.087963916179579785,0.0031982158382867797,0.37154356752431278,0.044888604099589433,0.13436010659188891,0.19029398677310744
img_00212.jpg,0.20154938470300376,0.14155532911476321,0.046985997325701974,0.020854434920302273,0.23197972011319196,0.15966221257494617,0.066042086254384777,0.13137083499370533
img_00223.jpg,0.2020530561533648,0.11103853162945052,0.055963039421400067,0.056070567447739361,0.14294693096656444,0.15795904087683019,0.058416690828197039,0.21555214267645342
img_00230.jpg,0.18598233804409178,0.13148096099934711,0.050766096101075381,0.036826516068594127,0.10899967879420334,0.27526100606176768,0.093231695364868028,0.11745170856605265
img_00232.jpg,0.22575078945507385,0.070564048022938003,0.035196902649626854,0.0096329963270079099,0.25729950616282771,0.17598584080342866,0.10280388124622862,0.12276603533286808
img_00244.jpg,0.21551066942773844,0.14609874871445677,0.0088166988487231347,0.12301334982054635,0.098614260923257271,0.23399377490444442,0.054730977852115337,0.11922151950871809
img_00272.jpg,0.14588662602117564,0.10179611729300823,0.069527846231186796,0.0071558535505878169,0.24300028383008995,0.16714831205331826,0.12407658302284116,0.14140837799779238
img_00280.jpg,0.16106141685292985,0.083642926322525651,0.05790253175265065,0.012952458655489446,0.2900834634781953,0.14748339961403378,0.075909368398479865,0.17096443492569516
img_00282.jpg,0.16890681214607325,0.10767024846238099,0.055828278969728716,0.056215935669718498,0.10736926538023123,0.19322109868183893,0.12472232779226405,0.18606603289776472
img_00285.jpg,0.1613627475794189,0.12374336143690175,0.14397339833123635,0.01009758970125753,0.11647815678534856,0.15956674806137353,0.10986439869404613,0.17491359941041723
img_00289.jpg,0.16822474331958334,0.14805578502661093,0.075119405403312495,0.045321630644019499,0.11223451530015888,0.23873293208487628,0.1267739893446142,0.085536998876824269
img_00292.jpg,0.16886005347628649,0.10712281841091427,0.11244887397617598,0.042507933265129971,0.10089201558331584,0.15037374172039097,0.12967655142086745,0.18811801214691914
img_00302.jpg,0.16842760301483931,0.043644294815037267,0.15893916881872339,0.008755753218630374,0.14395350093672624,0.13854269771840802,0.12324082201120909,0.21449615946642625
img_00311.jpg,0.21324522121913866,0.14767699552184557,0.028572713923073499,0.028489810218320553,0.1466971034637872,0.20378437884985834,0.032111586993464648,0.19942218981051135
img_00320.jpg,0.1403296062324359,0.15407025887314568,0.061663638693601516,0.0056241220228723486,0.29715578379470314,0.084913975379507206,0.082433583469000399,0.17380903153473387
img_00331.jpg,0.20039147381779657,0.056260649897151759,0.13021907325878085,0.011550555252847133,0.1669664236328508,0.11978062912153943,0.11223541267805567,0.20259578234097761
img_00358.jpg,0.15781450587396417,0.057123729733882557,0.095158979641699962,0.01174640136500309,0.1999854560212794,0.18006638296165628,0.11345867889094507,0.18464586551156922
img_00374.jpg,0.17378202146167493,0.1296881686474434,0.031231980224528565,0.10678458035806522,0.11917148968090976,0.17640097713595598,0.099442024376857244,0.16349875811456491
img_00375.jpg,0.18009226225633015,0.078005413528211651,0.09027961293554268,0.022204123594854585,0.24584794987349451,0.12587581078957497,0.090110696310153046,0.16758413071183803
img_00376.jpg,0.17298186380331015,0.05673016536122466,0.075569333624697269,0.024494017865800504,0.14108779150709216,0.19883446990564327,0.12708627298193759,0.20321608495029395
img_00380.jpg,0.22540237846575242,0.1941155576681407,0.042374558500380528,0.016004251881977724,0.17631001062901447,0.11899485750356506,0.066177899287467604,0.16062048606370119
img_00383.jpg,0.23733374588551251,0.17283634306392295,0.033656004689580674,0.02158958430434443,0.15265582644318132,0.16889908199114398,0.056587878668536394,0.15644153495377794
img_00398.jpg,0.21828794316410982,0.098015029249379756,0.016437529401541931,0.18183834969468793,0.10077937490798977,0.20558265558119806,0.050199490509173467,0.12885962749191937
img_00407.jpg,0.22516569712228315,0.13194689018549671,0.037373315451419767,0.037743313955969061,0.12335785348636288,0.20099360944958472,0.082661146208359473,0.16075817414052418
img_00417.jpg,0.17465385432341982,0.25986307738927994,0.019366916119147169,0.013376733107400132,0.23225144771132539,0.095572174687466899,0.067325115913824285,0.13759068074813577
img_00432.jpg,0.17554578742389348,0.11105653285193244,0.037835140771446729,0.02301714083618887,0.13793971708000913,0.25469621030098333,0.094039597800504054,0.16586987293504193
img_00442.jpg,0.16418790891901652,0.076078382559945687,0.053069450574380991,0.0098403973823462387,0.21383453450421624,0.16524332521771892,0.077157994337776439,0.24058800650459897
img_00446.jpg,0.21130436305930911,0.14981232899753275,0.01639485462010476,0.039621938010231637,0.13445017437665291,0.24956235966242676,0.042703415794928291,0.15615056547881392
img_00469.jpg,0.23701762755005379,0.089315793270681773,0.024181783171275811,0.088682560662901089,0.079339587995339564,0.28895317611879734,0.10884427312221998,0.083665198108730562
img_00473.jpg,0.21744418222691095,0.036005720763031546,0.060892317347290351,0.15623040507148234,0.091700571174156503,0.28063513606052498,0.078347022080629825,0.078744645275973385
img_00483.jpg,0.19475526481452149,0.077651886136058001,0.10223054153244239,0.0060546192029085474,0.11815405873393868,0.17562441039325202,0.12744628572688005,0.198082933459999
img_00484.jpg,0.18595484621916097,0.14357026481657117,0.046658701765812854,0.084363955245194064,0.22159891159522449,0.12167834671119532,0.056817055644798879,0.13935791800204239
img_00486.jpg,0.19319830105993355,0.084064360844383068,0.082856774003300951,0.038133809785316074,0.14927286547143481,0.17321287192550339,0.10496505886329263,0.17429595804683534
img_00487.jpg,0.22584457077822026,0.084300071446828287,0.047301664275487806,0.017964047637409015,0.20695598955725869,0.13353744718213506,0.079559744146943168,0.20453646497571784
img_00493.jpg,0.18079384974906546,0.16496557224423028,0.050845388481188636,0.005699478963189372,0.14124276595910798,0.20696557289949122,0.094992012551228272,0.1544953591524986
img_00518.jpg,0.12091588191030302,0.086877875681968017,0.087160682711898654,0.016441905337267176,0.20401337438461936,0.15018390950286697,0.14612675789197913,0.18827961257909742
img_00533.jpg,0.18862009526140236,0.11006070163770688,0.033445619594001788,0.045754337143127329,0.12629603290326619,0.21481004144784854,0.11776340159384853,0.16324977041879876
img_00538.jpg,0.21345957810033286,0.15172722461541707,0.028347591047636785,0.06789929947161652,0.12275295165154372,0.26555802581854843,0.053263659189706505,0.096991670105198366
img_00543.jpg,0.18334399712897145,0.19435375768584889,0.020023325197018275,0.019565838846113473,0.24524794998836091,0.11308064053166524,0.04212528953505297,0.18225920108696889
img_00550.jpg,0.16432474883747411,0.048020781140611299,0.2372022035789878,0.0027437667670884703,0.12751610320771223,0.14442446791144764,0.11560208972959631,0.16016583882708194
img_00551.jpg,0.20065743826147958,0.088587278259153926,0.06277479150276484,0.030584624646936905,0.1060664017974607,0.17194911780418778,0.16354109772505926,0.17583925000295714
img_00564.jpg,0.21445353998574684,0.07853274323923945,0.074198389719240657,0.043585698176118466,0.087273710403220198,0.26997422929310666,0.099781534441904698,0.13220015474142305
img_00575.jpg,0.15378638138912062,0.077005075316253752,0.13925822622113851,0.018131056778451584,0.1651521278225353,0.13018678866807737,0.16949160421720025,0.14698873958722239
img_00582.jpg,0.22040039402443776,0.30262174535361852,0.016659056744904834,0.1403028962399582,0.056294998301999577,0.11869701596784006,0.059023312712839157,0.086000580654402234
img_00584.jpg,0.17555716919455364,0.08196253999395757,0.075392723205889037,0.0037029186429796889,0.15463318478934188,0.11537894092695906,0.18931114020969106,0.20406138303662874
img_00587.jpg,0.16404357363547117,0.050657211534676963,0.12372911120005588,0.012133196440924992,0.1422634379086061,0.1715623232733634,0.12373162664509831,0.21187951936180291
img_00590.jpg,0.16296528967649357,0.039659120626191792,0.097366940528099258,0.015250419911140531,0.141971733255704,0.20884901254624058,0.19383694666217008,0.14010053679396012
img_00591.jpg,0.1416896943048464,0.09069146020211856,0.15214484690536748,0.018886023055978345,0.12546401432287693,0.15382332673102939,0.12719144287831816,0.19010919159946446
img_00598.jpg,0.19415031556943638,0.081067852201527249,0.037347834093465537,0.090687240093793808,0.078965715103498785,0.26583468633575569,0.11488755752216488,0.1370587990803577
img_00599.jpg,0.15472255899555615,0.11061663474589624,0.053259630593662219,0.11528732468046334,0.11811323647587929,0.24321298627114074,0.08078802841175671,0.12399959982564504
img_00612.jpg,0.1406805233117033,0.027781027613216668,0.10714023333472293,0.011626530618668498,0.18853389337805176,0.20773545160815093,0.16951584216280413,0.14698649797268162
img_00618.jpg,0.12856353926366026,0.1413290721013484,0.083212382863867104,0.0084835137364819551,0.25491193582130756,0.17329476922807743,0.054216165632620418,0.15598862135263697
img_00620.jpg,0.14353503645436011,0.074400622435319586,0.056494631330537996,0.059436777937555349,0.20313042095171105,0.17504534917179376,0.067713562747757472,0.2202435989709646
img_00642.jpg,0.23388599039110672,0.24141513696723579,0.016242660792855221,0.041919531074921731,0.12449536291143241,0.15724482540527085,0.06699195061604947,0.1178045418411283
img_00646.jpg,0.1364417377338254,0.073868562294145956,0.13169629692103649,0.0044315752339557863,0.26903874443023335,0.1104807086483645,0.10133454533940965,0.17270782939902837
img_00648.jpg,0.19222205136557069,0.061326815017259929,0.047560692671782367,0.028189045066324681,0.2135189802092578,0.19635631444268034,0.094412599438735811,0.16641350178838826
img_00650.jpg,0.1440572944979471,0.031923419208164792,0.084559844356781544,0.016235952166843523,0.15485630899770497,0.171963007273193,0.13509597693967354,0.26130819655969184
img_00654.jpg,0.17037413145865374,0.1186110157737139,0.048108638317728755,0.088488066528310469,0.1619939855672213,0.19888694319377062,0.097921693604463636,0.11561552555613745
img_00664.jpg,0.131320345811934,0.072306394843038538,0.072966427928621569,0.0097431659842915196,0.31595534544692128,0.10636630104440425,0.10121859717766372,0.1901234217631248
img_00667.jpg,0.1275135197434783,0.090370548233154185,0.068833642636575487,0.0055167290451377292,0.37824680298010321,0.089945036675402476,0.063012994180448367,0.17656072650570032
img_00676.jpg,0.16138846741868687,0.1340416546007259,0.035601826178249092,0.0053042115276911933,0.22996091279154177,0.17438037392882816,0.072879441706825115,0.1864431118474521
img_00697.jpg,0.22202773961009159,0.15159188896835896,0.056247543179103625,0.032359798822285131,0.11989811437101992,0.15141014416318374,0.10489478407915041,0.16156998680680656
img_00708.jpg,0.20104804951312671,0.04297524202313522,0.056678361948983187,0.068203601621365267,0.087890494652173509,0.20610454170161349,0.12007583850474023,0.21702387003486226
img_00716.jpg,0.17557678057307666,0.061571690411276983,0.15052288980317258,0.021971016592190477,0.10898334557334777,0.24142046240544812,0.096181050237317378,0.14377276440417006
img_00717.jpg,0.1999455405627846,0.14269971472859055,0.014648702023419703,0.13052765441707753,0.079957750269901678,0.25743896264719901,0.053471033511143004,0.12131064183988373
img_00718.jpg,0.20297605446853187,0.055110834017126839,0.072745637444783059,0.024130495321497383,0.15770720726946022,0.1893218258454612,0.13299064726580329,0.16501729836733631
img_00723.jpg,0.13779767543942509,0.1487263852097083,0.058225066964930162,0.014182831083941475,0.2759853260317669,0.19081093605574531,0.048549756245799373,0.12572202296868365
img_00724.jpg,0.1830274077795716,0.23379796516093712,0.012318914374629245,0.063299274074495607,0.16159968127563992,0.15292932902863804,0.085175965060013958,0.10785146324607432
img_00726.jpg,0.21738716390523399,0.09286823309107535,0.029360165583188987,0.02661870269259127,0.16161186530621816,0.21863313657648575,0.080157237438977347,0.1733634954062295
img_00729.jpg,0.17019895639950419,0.09734393132314971,0.17600642326967122,0.0097890041298071915,0.14974510244154202,0.20417140034139597,0.069342435232959326,0.12340274686197049
img_00730.jpg,0.17824660065279074,0.070911055556684727,0.11072040367391922,0.0077160276282644781,0.10885926964339696,0.2330537322459055,0.1206257646619802,0.16986714593705834
img_00757.jpg,0.18959480788314054,0.082906483313398394,0.021370756065120365,0.13470688243217377,0.13295181642257817,0.14353094653318638,0.12740597136464105,0.16753233598576156
img_00760.jpg,0.16876829487543676,0.2504574255420195,0.013441416724456931,0.12890112294361739,0.13320801240660088,0.18653410714095267,0.048291344074731492,0.070398276292184189
img_00763.jpg,0.13078641796119753,0.040360888431368182,0.18940560732483491,0.0037689199518387527,0.17884739969865193,0.13453525649128337,0.1554037441234461,0.16689176601737823
img_00764.jpg,0.16071359790656672,0.094990197274218868,0.071603024500776505,0.021883238788543015,0.26823690590999499,0.10474493521271622,0.078839460499216946,0.19898863990796672
img_00765.jpg,0.20115449639826624,0.071515132820901106,0.056406351467182488,0.033184221103481452,0.11174186566609054,0.2360470881150967,0.12243823454711369,0.16751260988186792
img_00772.jpg,0.19872931158584836,0.16784818137546856,0.056476035946390953,0.013593454822512082,0.1304553061319618,0.15879878346389956,0.092648170464055463,0.18145075620986362
img_00773.jpg,0.18869719994370499,0.11594073685144396,0.053095035619117749,0.015404107269769277,0.24642534287328308,0.11866410134192452,0.079352597047759113,0.18242087905299786
img_00777.jpg,0.18936504539730645,0.15378754263512956,0.026576071676880472,0.034327697121070207,0.07303150933667818,0.28458460753904818,0.108791256930988,0.12953626936289911
img_00780.jpg,0.15935736087303518,0.18599297643088045,0.049910694984658804,0.0071803104129149848,0.18606323138005318,0.10616986090198895,0.12164180023357701,0.18368376478289108
img_00798.jpg,0.22247403842410338,0.090581043496771721,0.040754449500989866,0.053700367148325372,0.075135306903782159,0.21318751385994292,0.14767963195513972,0.15648764871094506
img_00808.jpg,0.21452571820106606,0.15810287719350263,0.011939942229994203,0.15167272289447922,0.090051047243604868,0.17476347824232907,0.079823659626782409,0.11912055436824154
img_00816.jpg,0.20223471490178671,0.083309248595851579,0.043743420944988835,0.093590319674810879,0.16125608339042033,0.1556401154879643,0.071032001403413453,0.18919409560076395
img_00828.jpg,0.1691157829545116,0.067398559849686554,0.10037491642542141,0.0073892546170338767,0.11271013932016673,0.085198917913112418,0.20982046407653812,0.24799196484352937
img_00833.jpg,0.16800013050402068,0.092227466261637095,0.069911977500195482,0.015869758382994467,0.1235657095329747,0.21903221767025136,0.13157302408143159,0.17981971606649425
img_00837.jpg,0.19741417504867817,0.058027257296954196,0.048474341734588366,0.11619744140884034,0.16954791959248583,0.19651302929213257,0.049134485615092441,0.16469135001122823
img_00855.jpg,0.19155280437344255,0.1802019320912496,0.062190884037047089,0.011563785792700761,0.15650896518536533,0.11044133861014491,0.13345803587766764,0.15408225403238171
img_00857.jpg,0.11540242339566918,0.13855138798765709,0.061552497412601388,0.017231922674735962,0.36959842298840034,0.085673116652864659,0.045132280030272337,0.16685794885779878
img_00858.jpg,0.17288451819960804,0.076958358053523843,0.031376617991504013,0.036608943716985004,0.13040909193245503,0.2862405507153194,0.080887030397975387,0.18463488899262925
img_00865.jpg,0.22418782485971886,0.1167125680382078,0.060095210067952487,0.029770407266320117,0.061419338142092675,0.29521173398436168,0.074582656038247402,0.13802026160309944
img_00876.jpg,0.12346808228976375,0.1061108425713824,0.022060777155638644,0.0033384252719415408,0.38941238918757209,0.047898808428382206,0.098908258935813148,0.20880241615950615
img_00889.jpg,0.15205865203770416,0.088333105300378453,0.039638567055516404,0.0054941524727891364,0.21651990193364556,0.2115655992452854,0.067464066363626299,0.21892595559105429
img_00894.jpg,0.15476362525139509,0.032236555688434636,0.15253200601362762,0.0036358797617777839,0.19231676749632576,0.20195141207864858,0.082167122508498391,0.18039663120129246
img_00902.jpg,0.20646654099164008,0.13193382982340351,0.039758185208246144,0.0053729683935604599,0.19113058325806587,0.13346775213774556,0.14142020603733702,0.15044993415000099
img_00914.jpg,0.18178928600108551,0.091426346325326535,0.01898253912842545,0.046843846940192675,0.19757904185572792,0.19519631784864094,0.089919953541685207,0.17826266835891538
img_00921.jpg,0.14735321248118965,0.079564087861172528,0.074176318848167735,0.0095946922497811681,0.19494556622960368,0.17493245404763597,0.12347300040109847,0.19596066788135086
img_00927.jpg,0.14631268126795333,0.087712213412991138,0.10228481146030215,0.0521533659074159,0.21835044015819469,0.098739378028212879,0.096079819702319103,0.19836729006261061
img_00943.jpg,0.16126091943123061,0.071145169382963988,0.068194652294968752,0.0082960796949754084,0.24975154742165787,0.13737082729209329,0.11110575527016146,0.19287504921194876
img_00948.jpg,0.18847958166573286,0.044470283570399012,0.054987339720659792,0.010141843692165853,0.22104515387005502,0.19080308465255283,0.082682208116907144,0.20739050471152781
img_00950.jpg,0.19149211088941792,0.033734053507234921,0.09746925343123608,0.021712587679822072,0.1594633405498985,0.16191352114267332,0.09539205185585381,0.23882308094386373
img_00959.jpg,0.1965324023839686,0.17388213449615789,0.017261991395793794,0.014291228095902124,0.12080166824937369,0.21594364812608205,0.098152586647801479,0.16313434060492013
img_00962.jpg,0.14729535665777449,0.10905859566661502,0.054821847757930996,0.0067596669180334714,0.22025155601597549,0.11695685012442682,0.10275836072469555,0.24209776613454798
img_00964.jpg,0.16517540891405016,0.049550356758042383,0.049650529050832622,0.03752345862504778,0.15319231265605882,0.19833726201644422,0.13678410952946438,0.20978656245005947
img_00966.jpg,0.15648416721466749,0.082976731322719446,0.15951820932417682,0.011653406068812535,0.17693162238374888,0.10537318796206796,0.12742481669702163,0.17963785902678531
img_00974.jpg,0.19891373371999432,0.093796984890646001,0.069969096518720311,0.098783728046640554,0.072221619060891459,0.30536780455236689,0.069776628610990807,0.091170404599749288
img_00979.jpg,0.14529284102980217,0.084769188068923931,0.12187200017836594,0.022012253088152973,0.16017235457390241,0.12342535568349863,0.14004544645154035,0.20241056092581397
img_00982.jpg,0.18428841479263641,0.19492104610009928,0.056491651541875021,0.024422177676733308,0.20687783385543287,0.13410546816856916,0.074708860538164043,0.12418454732648984
img_00985.jpg,0.21918334772988571,0.066022514050745384,0.097071798160869541,0.016743405365964744,0.080068572400504898,0.2630945476276173,0.15110694314054485,0.10670887152386745
img_00999.jpg,0.11857907550654524,0.034004008920838831,0.16292752927900292,0.0063906411031315908,0.13382379097908337,0.12519508364106063,0.16020597732354824,0.25887389324678967
img_01022.jpg,0.21254078023518744,0.088018477934378364,0.04935452985069614,0.043651569877823107,0.15753213375146952,0.1788200291357368,0.14787289547060165,0.12220958374410697
img_01031.jpg,0.17894712801490295,0.079346617120558599,0.12190082563744774,0.013434891643851699,0.15070254839094926,0.19381630055165022,0.10065562470184396,0.16119606393879554
img_01035.jpg,0.22850040074276665,0.12814412176367623,0.025365662875149093,0.035863272575917232,0.075918580251714801,0.25258901950922719,0.096190325995336612,0.15742861628621196
img_01043.jpg,0.23281881453545991,0.22630263377884871,0.025143139028183919,0.024033800939017521,0.077935129724231209,0.2015569864049977,0.071304978291805196,0.14090451729745612
img_01058.jpg,0.14051473970788841,0.12874706877808581,0.077710814910084178,0.016646675075135065,0.27869626553856464,0.090776881725572661,0.064215535739564469,0.20269201852510488
img_01059.jpg,0.14270386177920152,0.13732956243877381,0.087812456892676263,0.025327723249575093,0.14897653911148193,0.13585968663364509,0.097351798494934805,0.22463837139971127
img_01090.jpg,0.17866510594196439,0.15305138975069538,0.048756739177743556,0.0082171592733606604,0.11606011228077706,0.23317823121234799,0.097953386677912452,0.16411787568519828
img_01102.jpg,0.16464693901138078,0.05535479365969799,0.097572563688699557,0.012014277331346673,0.26104422754805684,0.098006867418128252,0.13195891248174937,0.17940141886094021
img_01103.jpg,0.19584442728150522,0.085736915488398638,0.045249719703117565,0.028117412547011729,0.15153646541294535,0.26633489291062679,0.061531270914475578,0.16564889574191877
img_01116.jpg,0.1737446940095406,0.096462768693020701,0.04159545102354277,0.042381877294456978,0.12921269205386068,0.24648963015590589,0.10227888338040811,0.16783400338926438
img_01134.jpg,0.17205663669828131,0.067553470871015417,0.033181397760643126,0.072837646258106459,0.15090247582029095,0.18542597027988042,0.13484412927483252,0.18319827303694994
img_01142.jpg,0.19648900875244077,0.10676256141480006,0.044432879838655674,0.065886049151128473,0.12437349792599328,0.22405223621727458,0.072868156337007287,0.1651356103627
img_01168.jpg,0.19213147917947243,0.083593253868991385,0.061804318378716555,0.076472212929864988,0.12494367891635989,0.20861211866632348,0.074291861727528496,0.17815107633274269
img_01171.jpg,0.16363265952865719,0.059950710146699095,0.12706083440062144,0.0099901727833271083,0.15144646772782402,0.11478583532561086,0.16641886212414303,0.20671445796311735
img_01177.jpg,0.16485142563972863,0.18027820406613898,0.068589585707151887,0.021828714209305544,0.11974848255070683,0.15366683543918469,0.15163930312523696,0.1393974492625461
img_01179.jpg,0.17631168473369013,0.19424236959748101,0.028602919378849734,0.068269969126758062,0.1266492506128466,0.16606014280701403,0.098219230296669971,0.1416444334466907
img_01188.jpg,0.19622169700195685,0.11567904413388223,0.028545035967597356,0.080181826361630473,0.06225203515421647,0.18382669997695425,0.13866419615960998,0.19462946524415226
img_01198.jpg,0.18635139225351005,0.18399591343579844,0.060026188075039483,0.0073334846381678444,0.16796424301912133,0.17289880339191113,0.073805726470047309,0.14762424871640428
img_01204.jpg,0.12435734352247561,0.19992513324202493,0.063718599615192981,0.0060824946302819533,0.21135050019754015,0.08205233970434396,0.10484187333425414,0.20767171575388685
img_01208.jpg,0.14256085224424123,0.064141863137949687,0.088803315724832368,0.023860081721052598,0.21024201997632763,0.14027186649442636,0.15699863668874303,0.1731213640124267
img_01211.jpg,0.17998528574446643,0.1925892686388955,0.052155471558721835,0.025857560199320881,0.20265380446088641,0.20280807640504833,0.025182863656441689,0.11876766933621911
img_01213.jpg,0.23994136016622666,0.16726337749932402,0.024190093274751516,0.074161781682481887,0.093337888795153756,0.21382333900549869,0.053781474048544185,0.13350068552801966
img_01222.jpg,0.212985378767379,0.12147567235369224,0.024912179429518202,0.26858912070023916,0.046075279884231816,0.13892336029885236,0.071867007673692918,0.11517200089239457
img_01224.jpg,0.19538039197209242,0.072339464062151207,0.070604893295661081,0.013441040290211762,0.21121375782418961,0.091245811838560967,0.11982337495440669,0.22595126576272645
img_01237.jpg,0.24555853942938763,0.060075944980882728,0.034683694252922108,0.014383611899523611,0.1597199685128472,0.26002114678859156,0.0812059989227506,0.14435109521309447
img_01249.jpg,0.18202993718402444,0.10088063603163441,0.033725895784218279,0.060165146074229937,0.20118117435130306,0.17475566031335521,0.075778718507474779,0.17148283175375986
img_01253.jpg,0.13672447388858674,0.13459874012470316,0.084689423887127344,0.0041152873507889591,0.21507415713050068,0.084759238205657964,0.15310235489833024,0.18693632451430464
img_01286.jpg,0.24216096671733317,0.21929063257574521,0.013968393659331483,0.083728326229215486,0.14197662181874265,0.13648822600063454,0.035111432431044552,0.127275400567953
img_01289.jpg,0.14635401704304898,0.087495751987746118,0.16428627455264685,0.032731884950137333,0.10045753266108841,0.1557712955139354,0.12758888995181331,0.18531435333958368
img_01325.jpg,0.14699939489152511,0.06746327276110721,0.048944332372737424,0.010899512796680522,0.2757206299091326,0.18459704473824173,0.08079085353493258,0.18458495899564223
img_01328.jpg,0.24022907890100323,0.14127631977684676,0.025106062562329196,0.085239466913401549,0.086626330187240183,0.22630842647480504,0.066142954567157269,0.12907136061721658
img_01366.jpg,0.21703742512393775,0.1808467419523713,0.03924141405646852,0.060453874698155302,0.08713221050688752,0.2357626541071644,0.046806085417240587,0.13271959413777468
img_01371.jpg,0.18247770878419922,0.096475265428232176,0.045669852182495897,0.014524353456770915,0.15863341969197731,0.22796962806553359,0.10962321037596769,0.16462656201482345
img_01373.jpg,0.16474714690127501,0.071719404299464717,0.056474299506373171,0.044685901304132344,0.26818295869142078,0.152817693551245,0.10623796083006069,0.13513463491602803
img_01377.jpg,0.17386970132453661,0.1045565254660468,0.045675841025136318,0.014903039163109779,0.16205271791116099,0.16558984299460169,0.16556580693709,0.16778652517831744
img_01379.jpg,0.19340935243552315,0.066497473787600195,0.025558564282885526,0.012358444562415315,0.23397234490074653,0.12331281401346766,0.14500336239307934,0.19988764362428205
img_01384.jpg,0.16441579842954607,0.104622550045521,0.090564457269539572,0.0047964761923094054,0.16412366187226907,0.21411884219637373,0.10634937330805519,0.15100884068638584
img_01388.jpg,0.23039228187845018,0.16925988409913004,0.017623948087892978,0.17682085985210769,0.046983450136662046,0.25625100030196374,0.0423454447609262,0.060323130882867046
img_01392.jpg,0.21201359845648951,0.092480310909511754,0.065197951632889092,0.01308137340651531,0.24651117426667249,0.15991751872169113,0.066862325900794828,0.14393574670543574
img_01399.jpg,0.16012967652014506,0.084358620878236729,0.078363533982134734,0.069674679960180966,0.20468075299529365,0.082535679507182366,0.11126531793798816,0.20899173821883815
img_01404.jpg,0.19355427455116306,0.18384771162043514,0.034927392467403659,0.11317034174664202,0.077660011295571249,0.20660603803447566,0.089440385368734943,0.10079384491557436
img_01405.jpg,0.19876360516775116,0.14639006997215659,0.011297703182452686,0.19879444703098365,0.12534734122279692,0.17545173455433163,0.043321897957670844,0.10063320091185649
img_01413.jpg,0.19085074906425012,0.15453453765374364,0.027570024456269677,0.14162305797900607,0.067728373300459638,0.1825177414061265,0.06998343127760534,0.16519208486253878
img_01426.jpg,0.205884737690301,0.1975377640053769,0.013598740527291183,0.15557165158036945,0.079659111857227669,0.18627329356974101,0.056459854498145112,0.10501484627154782
img_01431.jpg,0.2366877275456406,0.28315362604368632,0.0087568364268522329,0.092314567811383738,0.063326986271286745,0.16750102251093599,0.044986417431484127,0.10327281595873036
img_01441.jpg,0.17353637793694943,0.10010172062947635,0.074224327698381831,0.003459931825352034,0.21198218049154094,0.15342536304774787,0.107674210391123,0.17559588797942852
img_01444.jpg,0.14216812941526477,0.076252266795602708,0.049417764203020617,0.0080045462970313799,0.24595422254190272,0.15604378572215064,0.10912511569422079,0.21303416933080666
img_01490.jpg,0.17958622698907145,0.086340422795193272,0.042633854838860487,0.055340756135356522,0.16382294896805835,0.24147294784873263,0.10414358488801616,0.12665925753671159
img_01495.jpg,0.15379224664878657,0.16732317431797017,0.017321191218645268,0.069149100825221257,0.20242758602536226,0.16858211954023886,0.068359237953537405,0.15304534347023852
img_01505.jpg,0.16576080782137698,0.10274226105406871,0.032240925768309094,0.0046801329851687652,0.28423352958574127,0.059453703536014813,0.071955761872150484,0.27893287737717026
img_01511.jpg,0.20033838343487584,0.27924931637302408,0.04080397334607358,0.027907233581783663,0.13826178068975567,0.13085237934965924,0.065460831807574019,0.11712610141725441
img_01519.jpg,0.11895443976777523,0.053864456012419917,0.16622249427176161,0.022400855850679101,0.16407429374211782,0.1185520831082061,0.1467814692883431,0.20914990795869728
img_01530.jpg,0.15113807638699747,0.075371052654793824,0.09353768350831887,0.008951922555690061,0.14426487349490752,0.24057259005832701,0.13933457807860844,0.14682922326235653
img_01537.jpg,0.14684065254482265,0.27138945361001254,0.044010687407907569,0.033034638828671227,0.18536475156604024,0.11685263542229096,0.060420882011295848,0.14208629860895877
img_01538.jpg,0.21030045067710759,0.11976545261180377,0.024488206213864838,0.092617701913227365,0.087191625231163902,0.28221709492765101,0.043513881151409181,0.13990558727377211
img_01541.jpg,0.15796613109393226,0.077750596053556706,0.12396117878622014,0.011607765711445962,0.17548525938904377,0.084050227049237924,0.19623892037783558,0.17293992153872773
img_01543.jpg,0.12436057243832453,0.027255758908793889,0.082719444697291006,0.0093878576959341934,0.31004040116002179,0.1225609196526439,0.098240082277756199,0.22543496316923456
img_01548.jpg,0.15162008762913151,0.097717642268635385,0.043043310849941258,0.0060375430745897322,0.24936545590341846,0.13041675225576013,0.13962947224767538,0.18216973577084819
img_01552.jpg,0.17742624549199326,0.19292695587678471,0.04422381643462666,0.0055137513216987743,0.19225820976402269,0.11599230940015676,0.11784571483904301,0.15381299687167418
img_01561.jpg,0.19255902867163072,0.071782677014946672,0.041848379780418596,0.033794094012635514,0.19175839342952733,0.18407539959734323,0.086159914168942614,0.19802211332455563
img_01562.jpg,0.16517140206993541,0.06112814405368866,0.069524568259714203,0.055283017754084236,0.19252525194399694,0.16322102243636141,0.10095834437178366,0.19218824911043572
img_01571.jpg,0.13935274887743029,0.031379099320336015,0.15435523985869326,0.019113451015479711,0.31153949087043969,0.11792077552923161,0.072795050479154147,0.15354414404923505
img_01593.jpg,0.14037439723113582,0.076790219646284866,0.12165821040820375,0.045329595594687008,0.12346034334439247,0.11959682475313865,0.11155069893211041,0.26123971009004715
img_01595.jpg,0.11299336518992656,0.072995267761523777,0.072273738725326428,0.014496992774941991,0.27217225648264054,0.068549099409683956,0.10295134580483206,0.28356793385112516
img_01616.jpg,0.17812560643191125,0.066085563435297104,0.058015752389866261,0.066643333814595196,0.12233021945220045,0.1927642846691017,0.13805075005255063,0.17798448975447795
img_01618.jpg,0.20783596284541414,0.26268914357979933,0.021327640902275086,0.082487779943880929,0.072045410250312511,0.17120799506019166,0.088449788862443909,0.093956278555682449
img_01627.jpg,0.22626995787509421,0.089698491791121354,0.047177613751994155,0.13384502212046107,0.10688450159138196,0.18158392597112408,0.089068162814450388,0.12547232408437287
img_01632.jpg,0.10258739328075016,0.059388596420475337,0.059385958668485457,0.0064744333032667111,0.25682446954996291,0.12097514848576522,0.11260846475433288,0.28175553553696142
img_01633.jpg,0.17797622331718635,0.051854204804757664,0.04163332454381815,0.029387295688063347,0.12479014331188608,0.14207021667829484,0.18337070557285684,0.24891788608313667
img_01640.jpg,0.15384977594259266,0.18160315731188884,0.10236331406976161,0.019978223317869314,0.12783757002221055,0.11773246011771342,0.12544718228090948,0.17118831693705414
img_01646.jpg,0.18157799781030617,0.18804165568709333,0.023903166714762447,0.059658383555638191,0.092304749439571732,0.17808038278671035,0.12224493363570144,0.1541887303702163
img_01647.jpg,0.19010047921483827,0.06204574077641456,0.09898205976458542,0.0087423364034588565,0.15489069551188756,0.19716278796568143,0.12367383455199328,0.16440206581114025
img_01649.jpg,0.21225487042243629,0.21891020148116863,0.017169458351448796,0.17837196597510999,0.067474451087705528,0.12604040678372805,0.054438832973595738,0.12533981292480684
img_01657.jpg,0.16401085371659063,0.075612151864706184,0.048159074081612921,0.029978814232737645,0.21238444646894447,0.22014377850622313,0.088167983585202461,0.16154289754398246
img_01669.jpg,0.1806755243185591,0.22738076932544157,0.021601119545423292,0.017010890346042383,0.20978260889457317,0.11602568537938274,0.10461350132347118,0.12290990086710653
img_01673.jpg,0.18015763700938675,0.25628456864906052,0.0077001386834829877,0.048551947707704532,0.20338347331078649,0.15928386898262392,0.038802908381174693,0.1058354572757803
img_01681.jpg,0.17413374273068521,0.07113754646768411,0.046141132318265603,0.017606511339682322,0.16511294796737258,0.20484359980678882,0.13888830795199406,0.18213621141752739
img_01684.jpg,0.15208909092692829,0.10294530728927713,0.014021431811318213,0.022950377270197341,0.34340349634762118,0.12426326786053228,0.054549833525130549,0.185777194968995
img_01685.jpg,0.15910107449953192,0.097581618710553195,0.089080689510707675,0.007581981512323548,0.15543939607444326,0.23868716042685972,0.062220719197518377,0.19030736006806223
img_01687.jpg,0.14936680269672142,0.094001052773258209,0.039091435053801832,0.048346428413002664,0.22605347540599141,0.13041442104495096,0.090143548630974679,0.22258283598129885
img_01688.jpg,0.15537186326510147,0.080519772454063207,0.11302804477526515,0.0085410617559852839,0.21464263126000463,0.17702256862859012,0.13598994456720698,0.11488411329378329
img_01689.jpg,0.1103959486256984,0.13110248135392658,0.061489221585001884,0.0068091605274386074,0.25802635434377902,0.12118830499670712,0.11032348128489976,0.20066504728254864
img_01716.jpg,0.1452800886184101,0.061241450969873663,0.073519002901310887,0.017156863990781521,0.16012365311971308,0.16322359229291819,0.15819877008995287,0.22125657801704024
img_01717.jpg,0.20251275560433737,0.20253628298007048,0.027991770154974893,0.036322709248562388,0.2139688381642724,0.097186943316253882,0.070958498586452687,0.14852220194507623
img_01724.jpg,0.19758898204857236,0.061852050087592488,0.086566127266829412,0.014112296569587469,0.2710779626859689,0.086875771621746534,0.093277135091949751,0.1886496746277532
img_01745.jpg,0.17189860431100021,0.11275369886288912,0.065030808147006944,0.013236367861146806,0.23877020040333657,0.1424291540333826,0.079087668720059262,0.17679349766117833
