image,ALB,BET,DOL,LAG,NoF,OTHER,SHARK,YFT
img_00005.jpg,0.4022414494392238,0.069766976088279364,0.032165731239351986,0.059224096665909429,0.064216633270795409,0.11747882149176192,0.053894851038183686,0.20101144076649435
img_00007.jpg,0.3262504506983262,0.054984137542319338,0.037285849044837512,0.058879335582920987,0.086770450105584082,0.11108584052097865,0.10914711007038627,0.21559682643464709
img_00009.jpg,0.38525190933263609,0.069859597524344716,0.01681061228397587,0.038800399823260751,0.098944790859134088,0.13698502555753836,0.05155727159167494,0.20179039302743532
img_00018.jpg,0.31907680388692938,0.099844276274858965,0.031350231927939426,0.026504044704277002,0.12986421096869194,0.12706172065069518,0.046547167520581072,0.21975154406602673
img_00027.jpg,0.30656769817819657,0.054637697736552408,0.059218406610343409,0.0096985385738290117,0.089132455226443114,0.10624303266825913,0.077657125801624594,0.29684504520475219
img_00030.jpg,0.23805739874355319,0.069567205497905321,0.023894224404276351,0.037861459324391507,0.23719253279055488,0.089776158785061344,0.054745005888564506,0.24890601456569303
img_00040.jpg,0.36139406032556348,0.031350728271370552,0.031191601786195157,0.022266586343496066,0.14962466512165068,0.12072773491681051,0.062990821171159894,0.2204538020637534
img_00046.jpg,0.29446783450305092,0.052683844663258358,0.047872475194060841,0.027020024161881234,0.12962030208334296,0.098492166265247719,0.093510746790925164,0.25633260633823246
img_00053.jpg,0.30485793802832328,0.063709462524951258,0.010494660885915262,0.036009340798708371,0.11683787233702597,0.11381028214329142,0.056797305098197741,0.29748313818358663
img_00071.jpg,0.27755460849018826,0.10444786059665592,0.040977038335411241,0.022958288987609661,0.08389508310083077,0.13434661778237003,0.060118294359485777,0.27570220834744824
img_00075.jpg,0.2669504370693771,0.066974399520876235,0.014879548874660441,0.030823933188104682,0.20478426591207724,0.08171621467201784,0.066525874136478161,0.26734532662640831
img_00102.jpg,0.2894226430901804,0.079772070249105043,0.03643088506081766,0.048323866213474356,0.10471472510225235,0.11689124286166727,0.081361678057727399,0.24308288936477532
img_00103.jpg,0.29115911698517527,0.068529425499321159,0.017332195005342863,0.023691718161039092,0.13687439409397431,0.12259474345447395,0.043263766694042097,0.29655464010663146
img_00109.jpg,0.34868523979148275,0.041609396113143661,0.037786936089121738,0.021152414227134288,0.11688622407271006,0.10193433689643441,0.048435446559289934,0.28351000625068251
img_00119.jpg,0.21615905551309883,0.055577097085261866,0.020373307144724764,0.0022412079186692815,0.31812306647968475,0.059092686632462789,0.050324194471502659,0.27810938475459468
img_00120.jpg,0.31797479504994625,0.066659607390695957,0.031609923578750754,0.019589693930071119,0.19456222186867064,0.10573662542397602,0.062668792503796811,0.20119834025409228
img_00125.jpg,0.42934158789174476,0.077308927692150545,0.024409602369663535,0.023852666095828843,0.075396875337566588,0.11744715569981826,0.034464763171405129,0.21777842174182199
img_00128.jpg,0.21832470881232266,0.053064547790070075,0.031615792635714797,0.0059355786173443306,0.21851963254600734,0.063676499252238963,0.06018768915928116,0.34867555118702087
img_00129.jpg,0.30331060068510329,0.067624729254186902,0.032352921598055293,0.010799080300146936,0.12281708384041272,0.080712109469576215,0.074587231843941657,0.30779624300857761
img_00133.jpg,0.38439841705089056,0.1387488509637039,0.026229242930936827,0.032721470710063566,0.10709473285313867,0.099238013083568791,0.054673552238865664,0.15689572016883194
img_00138.jpg,0.28538444857357392,0.084309993183730392,0.077128860522293494,0.017567060682129081,0.13691826475361193,0.11089848958488135,0.050095933123253361,0.23769694957652659
img_00141.jpg,0.28320935760744215,0.07767762109888772,0.035606433469594183,0.020043160365964062,0.13641000465616412,0.097950324466057143,0.045390066966923444,0.30371303136896649
img_00152.jpg,0.24315914218633747,0.067396196362239022,0.031866988912340952,0.007408679883138437,0.19051545874733969,0.077991830967646683,0.049794049649566324,0.33186765329139178
img_00161.jpg,0.2172425844982899,0.069235527284624829,0.047513221195128331,0.0058943458765004196,0.19955872675445721,0.054029297569412167,0.057515532711846319,0.34901076410974047
img_00164.jpg,0.34772369763945227,0.039955147937184146,0.025822800844237364,0.014020227557459335,0.11408139111067744,0.11861816863167571,0.091836159637884274,0.24794240664142919
img_00170.jpg,0.43607610747950748,0.07854140041003603,0.012046671751065108,0.024378181328514881,0.077893028499446529,0.13642241448948447,0.046149008117338526,0.1884931879246074
img_00171.jpg,0.38148353206810737,0.092484280753553777,0.054929104696761794,0.010131847280346565,0.070527619917578166,0.11037859208666907,0.060310651801603263,0.21975437139538012
img_00172.jpg,0.31483912980205681,0.03736680262813747,0.037148920438985072,0.0074225436332303182,0.15223286325959626,0.10337726635882769,0.058020797168855102,0.28959167671031177
img_00175.jpg,0.27519735299201992,0.12159755722972974,0.053395950855477818,0.0094653357450190483,0.16020677762541666,0.10351002552245733,0.05539803439413301,0.22122896563574665
img_00180.jpg,0.27376028158051585,0.055224296020892356,0.035497370712130757,0.0062365875755086625,0.21482181877993764,0.092974276557977409,0.056752123943804154,0.26473324482923377
img_00196.jpg,0.2330474750625792,0.074321865281704716,0.024939394634956619,0.0027850201141312748,0.33277885995483836,0.054523879362658977,0.022108922025133825,0.25549458356399679
img_00212.jpg,0.32726988507969351,0.047377305146255023,0.037790349926271803,0.017234444344715872,0.18205360664380676,0.10618422965279697,0.038177016662349898,0.24391316254411013
img_00223.jpg,0.32423770025317006,0.091801620836900119,0.020402701675204728,0.019376898449625667,0.11706997100825478,0.16368134586388269,0.064802590263380477,0.19862717164958191
img_00230.jpg,0.33500690606640265,0.090637348211244931,0.019273266377090131,0.029324961704910436,0.11590758962131648,0.12873708489007021,0.048228554847770957,0.23288428828119431
img_00232.jpg,0.31511710796664394,0.096820139438547628,0.010586811777343138,0.023087647267253777,0.19066512789979634,0.057853744664770841,0.039700861965807244,0.26616855901983766
img_00244.jpg,0.3251467117215372,0.072360070331805387,0.021115206571376541,0.016645828837933058,0.14004904621833364,0.14857969495449452,0.03730236578677714,0.23880107557774222
img_00272.jpg,0.299226375318702,0.047136738624091741,0.022468193741326171,0.028518675839667069,0.14428683379536017,0.07864422780202944,0.063723013069641288,0.31599594180918195
img_00280.jpg,0.31792873372095709,0.034021539624943163,0.064939777485830658,0.011571493545474435,0.200787783770671,0.062279555805951251,0.034235003426699329,0.27423611261947328
img_00282.jpg,0.35835838995459252,0.053676443124372676,0.070969995203636102,0.01543805153586842,0.1060455453639635,0.10301741664905437,0.079270031310630804,0.21322412685788109
img_00285.jpg,0.3435045083775029,0.035952406216794804,0.050683816049789644,0.016686212348045695,0.05279739379620832,0.16038772023275191,0.059302176515392692,0.28068576646351417
img_00289.jpg,0.32412018034789042,0.079814777863266656,0.035321747794683167,0.059855195486121275,0.068453654687851626,0.14554830578133607,0.035681884941385855,0.25120425309746447
img_00292.jpg,0.36015175977478198,0.043765178586279166,0.09052110424774093,0.02130854069608375,0.088115091920792893,0.095075109818541809,0.065585519321084446,0.23547769563469567
img_00302.jpg,0.2570274130755566,0.07088898358675505,0.024959106912314188,0.012234821005444802,0.18032763267227001,0.081776615048752568,0.058973293169962783,0.31381213452894402
img_00311.jpg,0.24020834253255047,0.082466160968819091,0.034942372767711317,0.013829305052074544,0.1867082835176708,0.087507798908042278,0.028296064241987273,0.32604167201114426
img_00320.jpg,0.26016002595420418,0.09007496745638234,0.040950377112845923,0.018062406328673227,0.18571566514741417,0.076797007109302831,0.047106310887333927,0.28113324000384327
img_00331.jpg,0.3246887709148199,0.065242281608113448,0.031225301155033906,0.026514587171731142,0.11761294909246073,0.10150343735281368,0.048255635156908193,0.28495703754811902
img_00358.jpg,0.2596426811442501,0.054607966573029944,0.050546341903857823,0.013253052364749848,0.11003678505656775,0.089631631276878995,0.11930065537671891,0.30298088630394693
img_00374.jpg,0.36046966897194843,0.089860969871377067,0.029479978835337733,0.0045154411206951676,0.16271945417484224,0.080302653511207842,0.03083835262061552,0.24181348089397608
img_00375.jpg,0.31019524509144392,0.02741356487383045,0.082849956095921551,0.0096222245694210281,0.18690898010509649,0.11684731218836437,0.043930511642205926,0.22223220543371594
img_00376.jpg,0.33058187226192381,0.040925251407964783,0.073199575980255782,0.013314185884441599,0.12979759703578761,0.091234535221839982,0.078896726442536924,0.24205025576524944
img_00380.jpg,0.28158239652928091,0.081718548627011542,0.017654283746312786,0.033748156178035192,0.11025633079671614,0.18877319228893066,0.062885909250678815,0.22338118258303388
img_00383.jpg,0.31711790516616289,0.069980426950444291,0.023457390036994864,0.023517166081115995,0.22227987917340797,0.064369841845534445,0.04157967099650349,0.23769771974983614
img_00398.jpg,0.37154605644182298,0.075956034991543867,0.025437740639355055,0.019265015802990056,0.072194736647119867,0.14374861738500821,0.049234524815617825,0.24261727327654245
img_00407.jpg,0.39146414841257438,0.11417686898537376,0.0517622721813744,0.014140759302737451,0.069862344227942713,0.11699347020222094,0.072295476171111983,0.16930466051666451
img_00417.jpg,0.27480481051289068,0.03897298164337009,0.029636281764832038,0.02099517468203119,0.22740900785803,0.075531660223864941,0.022441677645878035,0.31020840566910324
img_00432.jpg,0.22736694396901841,0.044411568932388637,0.10272557114413078,0.017116938053482668,0.098512033333536447,0.12781883153193802,0.095991455605070067,0.28605665743043518
img_00442.jpg,0.22924240444988356,0.092165553248513887,0.048467118480461507,0.021255464997202069,0.15504579889704001,0.11175781616177122,0.086156760475480307,0.25590908328964723
img_00446.jpg,0.46492621085728775,0.094800778812762401,0.017413363928611085,0.049890402680235889,0.074334644282867596,0.11870051369480047,0.030073732181325297,0.14986035356210911
img_00469.jpg,0.30859482483870843,0.10281920684689884,0.013415094781875025,0.091483196688071672,0.11008518251217696,0.13161087295897134,0.040613086462688928,0.2013785349106092
img_00473.jpg,0.30618167218850223,0.071524178877380135,0.035693460018107213,0.014636861744831201,0.15503219080289066,0.097292980939421791,0.080608352382435133,0.239030303046432
img_00483.jpg,0.25336455616244513,0.064903634772712313,0.028046570798780011,0.013273642179520822,0.15498292942138453,0.13195149747696758,0.063707845824798229,0.28976932336339117
img_00484.jpg,0.27299537411762237,0.096215703543946096,0.037518126758846401,0.061214096711440194,0.15984486873453496,0.12720836889033366,0.035426547447234648,0.20957691379604121
img_00486.jpg,0.25829421104066463,0.061849663263401203,0.10308338122530186,0.0033855639947654873,0.07568825138283107,0.12984350508241355,0.10791986142558137,0.25993556258504108
img_00487.jpg,0.33981712098531042,0.093911026262613426,0.0061109906931199427,0.026995914296239355,0.12681225064379362,0.10483724419104795,0.023795717236284718,0.27771973569159014
img_00493.jpg,0.34408897364768842,0.075102739162695137,0.026872988421012808,0.015703351005656466,0.12320277126674148,0.097695175973964848,0.060761112792718619,0.25657288772952191
img_00518.jpg,0.3362277121756394,0.058638225720202677,0.066782472557067138,0.0074691262356009402,0.15361645459259318,0.077074929555809746,0.083741430193287267,0.21644964896980004
img_00533.jpg,0.27813222429863371,0.081223296829839781,0.059523942692150895,0.016106893023665386,0.057769836852863937,0.14722801066258193,0.12522304871874229,0.23479274692152258
img_00538.jpg,0.37189933949288317,0.075263723419278283,0.010731587253521302,0.034120612511749304,0.13388542073610168,0.12708092421449363,0.041392060891643184,0.20562633148032908
img_00543.jpg,0.22578988746644985,0.089559441782792404,0.045823219449876718,0.0063563918386596247,0.21440501899044931,0.064548424328638998,0.046820460051515717,0.30669715609161657
img_00550.jpg,0.38896457115117344,0.04438736007471468,0.028788305479891967,0.030937907428402144,0.077480662258351748,0.13922299493273679,0.072911883309422956,0.21730631536530623
img_00551.jpg,0.29115103111890528,0.073349780777203083,0.059241791820127593,0.043640874169535798,0.13191233088671236,0.10057586619313001,0.061487409737646638,0.23864091529673948
img_00564.jpg,0.32745597277508609,0.055146875087966916,0.033698955274944174,0.0034828502090004545,0.094779790740379871,0.12780437529804164,0.070932871737287725,0.28669830887729303
img_00575.jpg,0.20603964257647625,0.032400166494694016,0.085455246082366404,0.033783287545490759,0.1551207541055945,0.11357895455872596,0.054295477686184201,0.3193264709504679
img_00582.jpg,0.30422632783948517,0.058527049219961894,0.012204722306662518,0.034010192537270237,0.1037644722659381,0.13225229369360852,0.067271647323573408,0.28774329481350031
img_00584.jpg,0.34621212641956617,0.074254543958957156,0.042522220212545828,0.014446215627952792,0.13173076519479221,0.11550423541596007,0.068699385820360739,0.20663050734986491
img_00587.jpg,0.29470096579354421,0.050999901846869207,0.037015947858110396,0.024416028818417614,0.13887352844252621,0.1125147493477386,0.061850178589342927,0.27962869930345136
img_00590.jpg,0.26047049327611776,0.04199789129535763,0.096498449665864544,0.019673347822452635,0.09115113941097415,0.085843197199765811,0.085279921155917773,0.31908556017354994
img_00591.jpg,0.32242138363094724,0.059636503466986179,0.053477898421627638,0.022167069420750366,0.074858166937352449,0.11534501123865915,0.082386087053994042,0.26970787982968325
img_00598.jpg,0.36571325889223327,0.081303902038789691,0.012355443559505212,0.023352769053402823,0.12492986371595283,0.10660972158512028,0.066258556596506132,0.21947648455848967
img_00599.jpg,0.29101502212800889,0.06279667347827915,0.023508928372015455,0.039964858531236158,0.090173133146336792,0.16251322870674628,0.070492975372230524,0.25953518026514666
img_00612.jpg,0.26906194549475904,0.047530216725094686,0.058553190266612945,0.02265710859885621,0.064814206927322524,0.10743472732809194,0.070987593606590529,0.35896101105267259
img_00618.jpg,0.26890722374636289,0.065270887091402843,0.025388249060879456,0.0077564745876742107,0.19057611668904662,0.084539586186213683,0.060814861835766273,0.29674660080265408
img_00620.jpg,0.28477223598046603,0.13239993531936806,0.02432238675179018,0.0097913240559922097,0.20266051899700702,0.074966493719865843,0.04117588366316266,0.22991122151234764
img_00642.jpg,0.31102675271252817,0.058420854125909985,0.050594410099823427,0.015399899400713794,0.18482069165362236,0.09716329466203899,0.06093050170118481,0.22164359564417815
img_00646.jpg,0.30600913005682318,0.079718469925256732,0.062714171770172453,0.0098604328603991119,0.15742767285635154,0.075878713756611801,0.043578567402544274,0.26481284137184097
img_00648.jpg,0.30791328260900513,0.069436527594215577,0.033544486062298665,0.008100442671844385,0.1794177128838822,0.074746266970549757,0.057745308767950906,0.26909597244025324
img_00650.jpg,0.27861178536182207,0.047508832424123973,0.072478490753436708,0.0083116364453108965,0.11671178362291963,0.069033273432850553,0.068277234111728355,0.33906696384780771
img_00654.jpg,0.25068416687933542,0.10601317757300907,0.038011813814076922,0.022207256113849952,0.15719625438541354,0.078171635588553251,0.045947038089474569,0.30176865755628718
img_00664.jpg,0.26613336513977548,0.06362293799243153,0.030554369461801428,0.0067535174438506321,0.16497641655888848,0.053326309105615859,0.040411221023568714,0.37422186327406776
img_00667.jpg,0.21284743155214766,0.052250295735295389,0.018213165407829607,0.0048420724054852888,0.28066400320016971,0.047211566960535793,0.042868028541893644,0.34110343619664268
img_00676.jpg,0.22920668379816658,0.061413452931457092,0.016294141390739383,0.0053560988238187278,0.26870581350818051,0.053781728765943726,0.045102242012545993,0.32013983876914831
img_00697.jpg,0.30842662871175031,0.0518963972467191,0.043829818706215759,0.0089220962529818065,0.21767307717124723,0.076052537994387867,0.055745806118525629,0.23745363779817241
img_00708.jpg,0.22563238934812382,0.055912774038267131,0.059954084824483264,0.024191417808973537,0.10656640205291792,0.11653353502437903,0.076365353023368193,0.33484404387948669
img_00716.jpg,0.37389607787475004,0.049477881454736153,0.060311670661179227,0.012986860613973363,0.12982470053243542,0.11025217796801581,0.073893000608411197,0.1893576302864991
img_00717.jpg,0.40965726206851033,0.078980345317017003,0.027179294465838229,0.068895875431039769,0.08564071993344749,0.13897205039071506,0.031324292848612025,0.15935015954482001
img_00718.jpg,0.29966155455896437,0.063157894085963326,0.023684034879372158,0.051319970278929476,0.16466097605264504,0.071926766478679308,0.072986280676855309,0.25260252298859115
img_00723.jpg,0.30459022447151696,0.072723650916671503,0.017118160880215994,0.013745354058700487,0.11773526567488277,0.090434133406379791,0.031260485920462329,0.35239272467117022
img_00724.jpg,0.28853078771228813,0.089794557761485774,0.016497135840250143,0.038926250510782814,0.22137627484451652,0.07476609674545201,0.030762009019208881,0.23934688756601524
img_00726.jpg,0.40838181977723509,0.046848546251725874,0.036026159716443719,0.021450781279147239,0.11851400208906838,0.086364552383229612,0.04101891936468937,0.24139521913846052
img_00729.jpg,0.27953133819012288,0.039739353693228431,0.11956272364800112,0.013434016886637399,0.087151059805634326,0.13274227354740967,0.093825269259011537,0.23401396496995444
img_00730.jpg,0.23713091879424419,0.045604829360190169,0.072213936049131511,0.018674624149335319,0.11149451091018522,0.11211980035725981,0.08595196548871567,0.31680941489093822
img_00757.jpg,0.32444313548015186,0.087300511656129495,0.034226889078517023,0.053231104855494323,0.11339390903615144,0.11808496594138247,0.034007315580290055,0.23531216837188362
img_00760.jpg,0.35344267912878558,0.066841310981797367,0.012913399097882262,0.067775911269887468,0.083715532230616896,0.14982364479088467,0.05133963022433926,0.21414789227580647
img_00763.jpg,0.23430727782269919,0.050569986894395784,0.068434512460882807,0.018307663935860162,0.13761656713293177,0.078108219329221781,0.084512969981677552,0.32814280244233107
img_00764.jpg,0.23515106792851995,0.044953129412619842,0.055591612133165852,0.021974928361955453,0.15205056745370404,0.1028008602241994,0.10457730021050723,0.28290053427532824
img_00765.jpg,0.31341769390247048,0.074524310378681097,0.066114868797484502,0.022605584545612747,0.10663297635969669,0.11637636705026787,0.10656599318235621,0.19376220578343017
img_00772.jpg,0.34953610418562647,0.074413628862179046,0.025758233621246053,0.030197354104455319,0.14159291317594969,0.11609387227502885,0.050106209554032978,0.21230168422148105
img_00773.jpg,0.2985734587910337,0.075213505515309448,0.033755361039574008,0.0063101293446024501,0.15564264245755902,0.12281593475809396,0.065613955904659543,0.24207501218916816
img_00777.jpg,0.43044342243820588,0.061538751025744909,0.027261844589180555,0.053143618631589166,0.094616122144963094,0.12579960233218837,0.052466637380990618,0.15473000145713744
img_00780.jpg,0.25614667407657954,0.046113998509502138,0.043509257062922434,0.0091841199858376833,0.1717591014489783,0.11846468068114623,0.064725553478979819,0.29009661475605414
img_00798.jpg,0.37488637024023502,0.093568717757692141,0.015910730687026801,0.089223304740638679,0.077384015254076191,0.16455502734197111,0.054583584450874273,0.12988824952748562
img_00808.jpg,0.33811767085625111,0.10728636168481012,0.016031437473900546,0.044148885902414059,0.08928655087910789,0.11585079481852135,0.045053067899367673,0.24422523048562716
img_00816.jpg,0.35000233283953308,0.08657129117658692,0.041497586649844695,0.0075050213976591579,0.11575977507111224,0.069741492917710701,0.058032465865879075,0.27089003408167434
img_00828.jpg,0.34993966401372267,0.053647157376642059,0.036780915364072429,0.0044687824400710535,0.13931225879791603,0.094801447847173079,0.074362501263222774,0.24668727289718015
img_00833.jpg,0.26564240153104157,0.032810071983324147,0.05042347238149187,0.0057061282593483566,0.15834316581471108,0.10531071348474987,0.068460609873741377,0.31330343667159161
img_00837.jpg,0.34940394089585225,0.06725167196304109,0.026214964995782759,0.028133687345354555,0.17842976058940407,0.061790228408145652,0.034544743710850458,0.25423100209156901
img_00855.jpg,0.29590992828397811,0.13954694775922977,0.025094403933039258,0.011430786510103421,0.11195093090695066,0.1418757506128864,0.076921399866438728,0.19726985212737347
img_00857.jpg,0.26407332875214679,0.084113820905898751,0.025991281868279457,0.010154701989558769,0.15486179479305662,0.048766930427590414,0.040225594472459582,0.37181254679100961
img_00858.jpg,0.36663918239226784,0.05082065206751623,0.013966501613086352,0.13162046881171957,0.097562966866922049,0.14517492473402627,0.053895168746663787,0.140320134767798
img_00865.jpg,0.34148148462500866,0.036911018741440996,0.023863250771881821,0.01983515868550902,0.11450647207764095,0.12377084702875457,0.078167606892029423,0.2614641611777343
img_00876.jpg,0.24152002119453964,0.06229078510067422,0.037190441266230195,0.004467171964112223,0.28694222651312024,0.047788273391462299,0.053818429897121919,0.26598265067273885
img_00889.jpg,0.24855792480072442,0.093641947184032417,0.12378603784545275,0.0063480856764165233,0.089805966801320927,0.087171403154932561,0.031172159051053538,0.31951647548606682
img_00894.jpg,0.42087099248275034,0.07473041318203423,0.067388706183603916,0.0053008173458392238,0.10941942419052125,0.079840976359489932,0.043079936510185844,0.19936873374557498
img_00902.jpg,0.35176344176678565,0.075469340014107641,0.022106821457374491,0.0072486678575260756,0.12391528009962435,0.13805287292077814,0.05613571508349928,0.22530786080030418
img_00914.jpg,0.31005542387553614,0.039800533604762413,0.059603818462949036,0.010834719913951706,0.18575263537091366,0.10336669064860375,0.053697169272411673,0.23688900885087147
img_00921.jpg,0.26852258796768297,0.070475022257896563,0.046480384162997442,0.035644641074502152,0.089320254150974512,0.13475783472846226,0.086048164994994028,0.26875111066249013
img_00927.jpg,0.22274477806511703,0.039426436342500884,0.04008280084837703,0.00856344934575245,0.1792081645902299,0.12254354909233588,0.095115443148267184,0.29231537856741963
img_00943.jpg,0.29065739468121321,0.092643793367230498,0.039299071375796579,0.029896469491098823,0.095857751059254592,0.11347570151190015,0.055106169067828503,0.28306364944567747
img_00948.jpg,0.2459086684940322,0.069182253899499072,0.079256793705409403,0.011825847350166611,0.10783790674301109,0.10173888226796006,0.10595636696316174,0.27829328057675989
img_00950.jpg,0.34455586467625871,0.045844584622306846,0.095841582277020387,0.0058328279122388648,0.15691170990632991,0.091067976609329387,0.063930089743859289,0.19601536425265623
img_00959.jpg,0.26713784685345771,0.11239015141130375,0.0091934947250151468,0.020255793146318136,0.23316141433490953,0.072770961245701399,0.0390839440867779,0.24600639419651618
img_00962.jpg,0.35227719561851678,0.069778092955778748,0.040667075716611552,0.008903632763457292,0.14249728604571874,0.091428665551500393,0.044458707876275136,0.24998934347214102
img_00964.jpg,0.33609861323281115,0.076546173210145507,0.030320676778178662,0.0134475257039016,0.11297319486643061,0.11784372685290315,0.038782414367731451,0.27398767498789767
img_00966.jpg,0.30316224373470446,0.063726496974954625,0.076087618437862214,0.018382740633379208,0.092892404581384966,0.12266250122645879,0.040011197178531847,0.28307479723272372
img_00974.jpg,0.35169112028181859,0.059985499321019771,0.021590610402796948,0.10915911555835439,0.086604446654127809,0.12741226150655358,0.049371531096195305,0.19418541517913379
img_00979.jpg,0.30905174561861531,0.059026906217754339,0.056113447732929304,0.020925096432687668,0.10604925991408319,0.1111393699087455,0.099642831301765489,0.23805134287341961
img_00982.jpg,0.38400873450682665,0.051805220539810425,0.031219934886651583,0.017347200785112107,0.16636311123113015,0.095012966378407657,0.050915870010833676,0.20332696166122816
img_00985.jpg,0.29098142028797896,0.057918530055531992,0.13200757374502642,0.010335785265011917,0.087346193125553639,0.14769139918887619,0.074543475057433084,0.19917562327458771
img_00999.jpg,0.28186643297378206,0.060680977609276557,0.049583056950738544,0.043938234693461135,0.071815665944397714,0.10065948435827426,0.090495547427008938,0.30096060004306058
img_01022.jpg,0.36952513790603869,0.1156845824736903,0.014237297036781419,0.083262576584208631,0.091323814482995938,0.15382154420028429,0.033635935515444415,0.13850911180055636
img_01031.jpg,0.36123288004488963,0.073410492253103851,0.030071386679680227,0.053134581895956233,0.11671068666422826,0.13733472864396051,0.044073406554371086,0.18403183726381067
img_01035.jpg,0.36601569621279956,0.077228065560365114,0.012256236493725871,0.041301452172149734,0.099294706112149023,0.15818248237323204,0.043948453158721312,0.20177290791685698
img_01043.jpg,0.33279503334463706,0.066635760062687344,0.019134351762673737,0.046673885708237869,0.10188155346124897,0.10363756138394123,0.03651414435360794,0.29272770992296548
img_01058.jpg,0.404507984721653,0.097247191467458624,0.033688091379417487,0.0189487929451994,0.15661799114342892,0.060470196248788056,0.052268134111392583,0.17625161798266167
img_01059.jpg,0.23010786961759225,0.056453924724864199,0.039633247593678401,0.0090738570126147316,0.18007117553297991,0.10047294109805324,0.095941393542159373,0.28824559087805757
img_01090.jpg,0.33049952594281362,0.096562306975185655,0.040549123367478131,0.029026153706235756,0.14923261541526417,0.087098147323556876,0.073100709742735803,0.19393141752672996
img_01102.jpg,0.28040963652963452,0.059927284801185969,0.034003812074686779,0.019481706685457741,0.14467491793871917,0.11425235803259028,0.066903326230364324,0.28034695770736151
img_01103.jpg,0.32953052441086123,0.069278145994634707,0.032843597351521286,0.012720331177763014,0.13829813833242607,0.13819283029062035,0.050864460557179976,0.22827197188499326
img_01116.jpg,0.27306675456861085,0.06639420959552321,0.041622909084732922,0.090969606905127801,0.071852042196842866,0.15430404438365958,0.06912160506242708,0.23266882820307602
img_01134.jpg,0.3019381650882737,0.10169198001952148,0.049675583811432486,0.032829879950775957,0.059382190134904242,0.12423433163456539,0.046643179419835867,0.28360468994069044
img_01142.jpg,0.38452613580877643,0.060053650270478223,0.01731742365554766,0.078879608268622392,0.1201964680440091,0.14092985417778828,0.052813920223307879,0.14528293955146965
img_01168.jpg,0.24986526533111636,0.092478793656693301,0.087592244911517819,0.019378442807738837,0.09096472276634214,0.14804148178373611,0.076316169952360166,0.23536287879049539
img_01171.jpg,0.24652488314137644,0.040742338704250314,0.09207500777893636,0.0092930761898457545,0.14718024864307641,0.10150322203330429,0.082257719436628657,0.28042350407258143
img_01177.jpg,0.32212434471748008,0.053818211678226119,0.021954353735539694,0.027562702752179518,0.14388394799889112,0.11386737019588299,0.054106572415274827,0.26268249650652564
img_01179.jpg,0.31615168749022204,0.073508218810529116,0.04425425393395413,0.024227162241462798,0.14686009464739425,0.10608345751284678,0.059596698332030115,0.22931842703156091
img_01188.jpg,0.29755306771638601,0.055467783965287169,0.033828882263994713,0.040783094227948735,0.075072951378716418,0.17180757431534194,0.070375114179032444,0.25511153195329261
img_01198.jpg,0.30337279922004684,0.070670790199152594,0.023090635959205904,0.0068342998524835189,0.19876086323151582,0.10580795334338773,0.047833701918392743,0.24362895627581488
img_01204.jpg,0.27024434216811588,0.0371322100668217,0.029890526311077609,0.0029019012330856598,0.22086206308063924,0.042151939594034481,0.059034287796810594,0.33778272974941514
img_01208.jpg,0.32345258958839207,0.040353298953905749,0.062862170680016649,0.010095917412002981,0.14753119132663181,0.12279897062262324,0.078559967077687268,0.21434589433874085
img_01211.jpg,0.2438259740004933,0.065693747452920184,0.019396597788290341,0.015816507556333511,0.23476782789096709,0.08471606749270201,0.041797422058935281,0.29398585575935815
img_01213.jpg,0.39988692505597334,0.081983834873749356,0.018053606277120712,0.063654952526736336,0.091360601532863128,0.13053226443772148,0.029864698745803168,0.18466311655003284
img_01222.jpg,0.34627931092013187,0.1008703715613396,0.026548839536631553,0.059436645785512207,0.15730095013173467,0.090845961139819589,0.058364585433290164,0.16035333549154013
img_01224.jpg,0.36941865030221088,0.056873231662149741,0.043402938841324366,0.0056091359894004343,0.10251528890905083,0.088652182988348066,0.052069432911419078,0.28145913839609671
img_01237.jpg,0.30909186825057522,0.088015230726238833,0.019765110920751904,0.022386899049517187,0.21642807233939243,0.10859138384936329,0.048018984769747662,0.18770245009441353
img_01249.jpg,0.28955040330670001,0.10937107053196785,0.028638876958302101,0.01558230709129523,0.22711866515416032,0.079825897144548616,0.06672370192210085,0.18318907789092539
img_01253.jpg,0.28575212804518518,0.090317557171501472,0.035715438891612286,0.0044013951151897447,0.1777830287982223,0.061110466480160344,0.06000989719132975,0.28491008830679893
img_01286.jpg,0.46311831246350826,0.055313473759272015,0.010023170333857316,0.03597411306448766,0.12045724236686244,0.12725112639459213,0.05062448109979948,0.13723808051762054
img_01289.jpg,0.33321110410434596,0.044199331786624711,0.060567531453863239,0.023994318947725371,0.081442532864269668,0.12248437308181738,0.061123977322539831,0.27297683043881404
img_01325.jpg,0.29788666173601497,0.092012420440143725,0.02311880305301707,0.0062308565101485266,0.2183863857077778,0.098736382522904911,0.040800850230262829,0.22282763979973016
img_01328.jpg,0.33019154652000199,0.10553779370770122,0.020602264860792596,0.088921274466558314,0.14315125587375468,0.12275879172214749,0.047445792526610749,0.14139128032243273
img_01366.jpg,0.3626552151290548,0.054329815811329202,0.037650564227974859,0.037926892480083081,0.073973443474628503,0.17223598932869535,0.054620544151584211,0.20660753539665047
img_01371.jpg,0.30482876718200713,0.071617422073948167,0.016768323616616808,0.012756899364869812,0.1650830952135881,0.123631598608338,0.053771955192986803,0.25154193874764519
img_01373.jpg,0.30247216733857224,0.061546310570771021,0.018370171990455167,0.021085942464484256,0.18493611449243424,0.062578781461749583,0.059130247837533116,0.28988026384400029
img_01377.jpg,0.26019365517382109,0.079584666470540313,0.072671371196617346,0.025996945980817022,0.14465553304607495,0.13942650061402906,0.089572793003936182,0.18789853451416405
img_01379.jpg,0.19360310867819849,0.060600700509640941,0.047219929182551454,0.012874739234282975,0.22198855609050258,0.079706713246742417,0.059982537850189602,0.32402371520789147
img_01384.jpg,0.26088997162257782,0.038026909086007948,0.062990235054386029,0.010429438184762881,0.10121106205391532,0.079421742882754914,0.11057348219023203,0.33645715892536299
img_01388.jpg,0.32001229933464892,0.077281241373787543,0.011062867286700287,0.14874648993282635,0.096345639127968646,0.11704433895854775,0.039589133833025349,0.18991799015249564
img_01392.jpg,0.32020808006544177,0.044850257711981457,0.049884249622151197,0.0087298673854001307,0.11662838005650246,0.11267045978300642,0.084876499964384622,0.2621522054111321
img_01399.jpg,0.27044337318987627,0.031689559810682701,0.081880118320509176,0.0035277267753281946,0.22577634719372072,0.082475000053349193,0.04871782314099523,0.25549005151553827
img_01404.jpg,0.40136533868206492,0.053086349994349746,0.024401794692948394,0.038629290110145514,0.10090203403452216,0.15466298120699595,0.082250761765415278,0.14470144951355826
img_01405.jpg,0.38122069159668764,0.11028425126570306,0.011524919940764685,0.074427065916245413,0.069354472733325914,0.13104969875556377,0.028651797359820319,0.19348710243188919
img_01413.jpg,0.40705136264678488,0.061674847489040868,0.027091396162570267,0.10424023948690747,0.098312456629869691,0.089984478954331926,0.037957694942965664,0.17368752368752946
img_01426.jpg,0.29632039499639867,0.11825778095067867,0.020193151822865938,0.015219211687586904,0.10748504076930153,0.12220871725288207,0.045196114792828417,0.27511958772745831
img_01431.jpg,0.37142877086100978,0.080005359329597139,0.012475614659795731,0.05791561542049329,0.11073076933029992,0.131989467081361,0.053304664201031499,0.18214973911641186
img_01441.jpg,0.16930105436489137,0.14738758613757946,0.054451280310710143,0.0068177864534065165,0.23869642408815614,0.080831370301985964,0.049244802131492134,0.25326969621177858
img_01444.jpg,0.28773472341632705,0.036327725517460524,0.075300998547049483,0.021352724304563846,0.18761929993357609,0.075865629142457383,0.075613758860522615,0.24018514027804308
img_01490.jpg,0.25594888066416044,0.036365408323997657,0.045605176978325293,0.019082305335190546,0.23327393895439799,0.066147553229828987,0.070170957170887185,0.27340577934321186
img_01495.jpg,0.38219755692209889,0.085602085084309706,0.027379737102251007,0.017534130576321815,0.12079626910108883,0.10939417683478105,0.047046963414023278,0.21004908096512584
img_01505.jpg,0.22711534514705906,0.047965859833856796,0.045033891028288482,0.0023188266282443111,0.30895415346644295,0.056694300382358294,0.053781989282094773,0.25813563423165592
img_01511.jpg,0.39862525640686225,0.063425503255549909,0.032662763012586825,0.018631274799241558,0.10759722478863587,0.12912706236792026,0.034731000674718349,0.21519991469448524
img_01519.jpg,0.36068404468141674,0.04430714478273818,0.05492250183145006,0.0083485717227194181,0.082707136503620632,0.086070060927647948,0.073278017700928288,0.28968252184947874
img_01530.jpg,0.23629578627851289,0.061234512184069612,0.042561023338886061,0.0036843511960392167,0.19828681538938039,0.060565584843545163,0.051129583906545609,0.34624234286302097
img_01537.jpg,0.39147661040206244,0.07457313698126905,0.019500713614097491,0.023677810831564915,0.10581119806596835,0.1140528951860026,0.068735209888991941,0.20217242503004321
img_01538.jpg,0.37875228942859196,0.12206183667243345,0.014476281102200226,0.024465096674659244,0.07541949869605491,0.11709998437215144,0.030039750631811319,0.23768526242209773
img_01541.jpg,0.25951876665706441,0.048975157408653491,0.071239357222638827,0.013339980681907409,0.10559893284191095,0.12763142481724582,0.07987791498419361,0.29381846538638584
img_01543.jpg,0.34306044584628648,0.042982499055611072,0.062163561942914509,0.0087245721045162532,0.097963416381973908,0.13293655060471071,0.080566049299604342,0.23160290476438325
img_01548.jpg,0.25130967530816001,0.041372754741998002,0.069980607530888944,0.016718572362203966,0.30141945489252259,0.074736010651031623,0.049700872937715197,0.19476205157547921
img_01552.jpg,0.28535001974924423,0.111794847129533,0.06564228870272415,0.029429285950584139,0.10019407679586438,0.10068186460581156,0.067693020480689134,0.23921459658554933
img_01561.jpg,0.2581925933550519,0.037064353548779905,0.023073917565382539,0.01518157901058449,0.27962717013167332,0.063120985546041244,0.053825006958029033,0.26991439388445709
img_01562.jpg,0.32224726670952702,0.045028001298503352,0.033175640407254112,0.0077477816075846471,0.16608271414567027,0.0877293467585602,0.048576871410857779,0.2894123776620427
img_01571.jpg,0.26281959755908824,0.03007936896450723,0.032013914838562731,0.0052106352214462545,0.21941977655387268,0.068530459131385404,0.059044408102284653,0.32288183962885281
img_01593.jpg,0.26665185480261638,0.042829129700551354,0.053942785946779218,0.0057525768767320885,0.099570353198122338,0.083155461359517846,0.064132444579595799,0.38396539353608516
img_01595.jpg,0.3137793657639979,0.061065095603879876,0.035215692702952835,0.0080342246134189679,0.21090107341731987,0.0581202904880797,0.041958691800819216,0.27092556560953174
img_01616.jpg,0.26271441632176279,0.099785734988140154,0.026556324863860337,0.062265476877825458,0.09681372684417304,0.087120508943745581,0.07865415878173361,0.28608965237875922
img_01618.jpg,0.41400297625725069,0.10387975551367053,0.0072875315785533969,0.05548104384878149,0.13592411225098217,0.095754422976455686,0.04032847415758653,0.14734168341671977
img_01627.jpg,0.36573815336780041,0.10226348267991847,0.018157219203925771,0.039657022007541967,0.065148526229189527,0.17139656451571714,0.048277842982960069,0.18936118901294691
img_01632.jpg,0.33367849398335792,0.051557266573924607,0.027282593914835351,0.00672060736469736,0.17660826199725596,0.046004367577769642,0.048342707318820705,0.30980570126933848
img_01633.jpg,0.30562910565252993,0.054645073594249624,0.049679911641551486,0.011149806735024676,0.074018051751838246,0.1280062859511619,0.081864677489915286,0.29500708718372931
img_01640.jpg,0.3129954126296538,0.094882760256576493,0.031639960299398646,0.0053633093347884289,0.12071170913797116,0.087301349511450549,0.038201438752112918,0.30890406007804727
img_01646.jpg,0.34930101923474322,0.12979311608183652,0.014777266079873752,0.083139458313782513,0.13326225877106809,0.11300229806604026,0.038423562320101197,0.13830102113255449
img_01647.jpg,0.26335059181388604,0.041656958823656151,0.081774111338180161,0.011249353515779536,0.10772556062850325,0.088450615031209698,0.059787923660726106,0.34600488518805889
img_01649.jpg,0.40384240859381099,0.084479674798381046,0.0092307084791534398,0.081786079723208185,0.081789022549469251,0.15928863432417956,0.047852716865215569,0.1317307546665818
img_01657.jpg,0.32534295365100718,0.048230193028874206,0.050375676975159434,0.0075789501585930754,0.15836939968656943,0.084029971216064064,0.075410793233658582,0.2506620620500743
img_01669.jpg,0.37636281944563088,0.077822127509501238,0.0075751618204289309,0.018302394272027595,0.14180251092587143,0.10419187811199576,0.048529553371007846,0.22541355454353659
img_01673.jpg,0.27412957732891768,0.14029654153472068,0.028495869805433439,0.055826069917504481,0.15174736783875606,0.092066663892999098,0.036357100261016455,0.22108080942065225
img_01681.jpg,0.25339159702907554,0.082404266518200237,0.081327911890408985,0.011322541533222463,0.19009391590917088,0.075197018606790511,0.050600371488648689,0.25566237702448291
img_01684.jpg,0.35168757313033705,0.055589217095603008,0.050130641481533011,0.013859561835337753,0.17454299639464285,0.11669226728179405,0.038841969946204112,0.19865577283454819
img_01685.jpg,0.2694921364402354,0.046347805526697435,0.053402308852684113,0.0067607026502806231,0.17663367222226586,0.080848360380343542,0.06835020832071434,0.29816480560677833
img_01687.jpg,0.33352368454813391,0.040400476313934411,0.048584696865853927,0.01604561325728146,0.16293423532963278,0.10462997650154864,0.036767629661399841,0.25711368752221486
img_01688.jpg,0.35227364568983105,0.060931903791678628,0.053375907769649143,0.01692643122596502,0.10217919638491565,0.11632416782599171,0.066130298704828172,0.23185844860714069
img_01689.jpg,0.23981918125623214,0.065265247756397596,0.048827034718327521,0.0038957924505739309,0.23524286406553066,0.085476300502658364,0.082722691641037696,0.23875088760924215
img_01716.jpg,0.35983360422102173,0.036841370278119637,0.041525914126943682,0.0053341150938695332,0.12949490490273058,0.10616911274332196,0.051291238140702411,0.26950974049329035
img_01717.jpg,0.25044379214261353,0.057003804927199864,0.023252956211243379,0.015905383924435398,0.20153483617543641,0.14275537686183382,0.052523042689322189,0.25658080706791619
